1.70109086348	-2.4339342615
3.97229491246	-2.3367830785
-3.42682589671	2.26107989285
-3.0502701587	-1.78668065751
-2.82504805728	2.06656376796
-0.935655429967	0.554846942433
3.94499577946	0.594384086288
0.546954714982	-1.03096260561
-0.727757687096	-0.782049402816
-0.807652344239	0.0999040946015
2.93328666768	1.32342276627
-1.47818890022	-1.4612155551
-2.42604093148	2.24937229854
1.86922367286	4.17499706352
1.81655590498	-5.04283336468
3.08545692376	-1.61079749333
-0.525164354728	-1.61171339311
0.297380209596	-0.229238337199
0.360968595176	1.94453794568
-0.804365101523	-0.523226707257
-6.20401098758	-3.59679310173
3.90147180101	2.96185644919
-5.90737177569	-3.84469752652
3.97327728334	5.25888688044
-3.23836557308	-3.45917199901
4.39861320626	0.836118447589
-4.09926974703	-2.14139636142
5.19289698861	4.29277772538
-3.50175167593	-1.89362868786
-0.0604800861329	0.78656301009
-5.4613852195
2.56557144451
4.13881551098
-1.47212479822
-0.674596390684
-3.4457729286
-2.77311583496
-5.12793037588
-0.250278611199
-0.717518420232
3.96188679936
