0.739836458925	1.21549467529
-3.08129970185	-0.378210380465
-0.210189162438	0.859314189182
0.919610098963	1.34893530147
1.64018995826	2.387443108
-1.25790288311	-0.872900016611
-3.20351971739	3.1030648626
-2.53040638703	1.91629670166
-2.93324017858	1.91355684082
-3.51074562757	-0.865054430642
0.485952278129	0.206600465117
3.85660076566	1.26534384864
-0.322548605039	1.03868032956
-0.980517875659	-1.31511714638
0.764754808646	0.137676597128
0.928426165812	0.813780145314
-0.358337310903	2.87086064641
0.282369372989	-0.697235945676
1.46877932712	-4.37757454014
-2.25811359992	-3.19420685997
-5.88209051815	-3.81542692961
3.42039838667	2.851240191
1.43177519512	-0.00304524852071
2.08799957818	0.247589313182
5.12074747003	1.7644139403
4.51493521049	2.15443014173
-5.30148812281	-0.294728582021
-1.63439885035	-2.12762246757
-4.88519242327	-2.3210376553
4.78892680438	6.68902418735
-6.47634479028
-0.185108310573
-0.391688118104
-1.1971544996
-3.86776342653
-4.52565031857
2.99939711512
0.463760348605
0.948278606246
4.62917945347
-4.33691090484
