1.9733649378	-1.92219243202
-2.00292344916	-0.955695738208
-0.129406267619	-2.50436897101
0.424085060272	-0.0935923767182
-1.80932119161	-1.64241681172
-1.3253884337	-0.284857825703
-3.29581329251	2.40896516272
3.16875437751	2.71826998622
-1.28702349799	1.47169211329
0.552506568039	1.35768041219
-0.491165940428	-0.578062304237
1.79068259376	0.679299024122
0.519067993764	-2.39534378082
-2.20203602264	-2.58879375078
-1.04726458243	-0.78687468966
3.14674202415	-1.51440227026
1.89558876904	-5.45106973607
-0.998959966492	-1.80695852508
0.726970787434	1.08186830836
-1.09233082963	-0.483684308674
-5.47179643943	-0.920845296439
-3.54805414689	-3.84209384489
4.4308838626	4.14987774245
1.82770372311	5.04478008131
-2.44916585625	-6.75746977945
5.51957984454	2.34096279791
-4.60337157335	-3.74337986202
-4.28651743596	-3.8289440897
1.61146694227	1.76058279946
1.60853192978	1.57638646114
-4.5473360632
-3.37283212766
0.0472919574154
3.71353135905
6.29288677947
-3.55792278011
-0.0577025441704
-0.0930689576381
3.86211079228
2.49750247386
0.442171593842
