-1.39837674826	1.69982480197
-2.37815864794	-3.68281209015
1.58778736857	2.29402750954
2.11025252507	3.48752625436
-0.356191582962	-1.03883822539
-2.09548326741	-0.734397013906
0.481496904173	1.56228832476
-3.16557381087	-2.96736464945
3.03463770508	-2.49888669559
-0.362802240358	0.824400929345
0.222671991116	-0.277561792473
-3.58487212924	2.16594746959
-2.26566533235	1.91711673994
0.610950161867	-1.26418856131
-0.43352132005	-0.501418256926
0.0051330775239	-1.98966292557
1.43015105527	-1.1846770721
-1.07714419509	-1.07070850787
-2.69067689159	2.36209907146
-1.0282785365	-1.31819829395
-0.492835204225	4.40636919808
4.92893703437	2.42504341104
-3.07596795392	-3.86304258681
6.03412091625	3.6361244122
-1.70322173947	-0.350021104769
3.17809555322	0.928627032274
-7.63581808097	-5.36990587643
3.09202180113	3.34676282342
3.99085455103	1.29591783148
-3.75780514972	-3.86109792716
3.01378315202
1.37460853083
3.38821499305
-5.44691056049
0.820997074654
-1.00259911094
-8.08357046436
1.86860402473
-0.0571913558908
5.72396546596
1.0281711428
