-0.36490418671	-0.471324529225
-3.05310909077	4.78715712272
1.93797070772	-1.66496992753
0.234282935226	-0.336379001359
1.33163426468	-1.40789359488
0.655015521619	-1.12536645022
0.80594758388	-1.22974161191
-1.28200161706	4.10362012543
1.72731421563	0.440564026997
1.75718455708	-2.75329816852
-0.877808920422	2.36951236092
-1.93348953247	0.824741140321
-0.418120743473	-0.767516095259
0.137019595441	-0.399800866213
2.349647389	2.3254318463
0.543288755979	-0.50345465836
-1.82335455384	-0.631328060391
1.57763991541	-4.33286302311
2.5721627171	-2.72553347318
-2.11622502164	-0.196075486227
2.3060426575	1.64982446666
-3.71675457271	-3.74541245261
-5.46646999456	-3.33812643947
1.7623669761	0.906226896237
-5.32488388462	-3.82729928456
4.68954937921	4.28303385799
-3.6010801403	0.170836264069
-4.18385558465	-2.37197957805
5.06565169333	3.80948095686
2.38017200144	1.94827310895
1.30746265121
0.620285750112
-5.04855628766
-2.0194755303
-3.7319041353
-6.69168190073
0.707461497382
-1.39031555868
-3.75903356347
0.937642805028
1.71137295973
