-1.92057546493	-1.43793494129
4.96806811065	-2.59484889249
0.635923036605	0.724645247879
-0.734728043788	-1.72602798358
0.710409640322	2.66355310324
1.45150440948	-1.82886486574
2.97964645414	-3.72703175975
-0.562004734026	0.835858909792
3.16197529724	1.33904993934
2.79532973064	-2.57075087491
-2.1348350686	0.900339166807
0.594074780223	-1.68132698207
-1.05017771699	-2.13742793262
-2.1587323006	-2.68491661359
-2.38620552119	-0.264677691185
-0.471261566045	0.25356615514
-3.2530439795	1.52145858394
-1.29687779526	-1.22891049534
-0.93824538999	-0.617757439843
1.3001163943	-1.18587679536
2.30920438135	1.54644540169
5.62107134378	4.23565794478
2.83865497437	2.74084308418
-2.02602676537	-2.0851352304
-2.92958691018	-2.02333540709
-1.93167097039	-0.075930903107
4.67677345917	2.86510450265
-3.20110542142	-5.04822418673
-3.22880795705	-2.81711203352
-6.86190145163	-3.30039942258
1.02716291686
-1.92580165051
-0.685824534384
0.2535920664
-0.485520986318
-1.93708155113
1.43120240003
7.31604413082
-0.973991865991
-7.14425723276
3.45310403895
