-1.91151325211	-2.75178304779
-0.2093733654	-0.191979459808
1.3025438504	1.39826510386
-1.84913169784	0.860347446425
-1.42583762786	-0.927832108331
-0.449075778894	0.153566851618
1.79158465817	1.25058471422
-0.698108255268	1.88169590484
-2.86979754356	4.02312803542
0.599001157962	1.1281856457
-1.01650817295	0.931414195681
1.6686223552	-0.299806080288
2.00811531794	-1.57326276829
-2.50045371965	-2.68258972849
-0.951079636624	-1.02635103122
-0.574182077111	0.715706854753
-0.0901869476863	0.617999647526
-0.763246389774	-2.31028009895
-2.71719549041	-0.599361065025
0.508399184514	0.564136184774
2.76382725644	1.22207949133
-0.251222821193	-0.307978327592
4.96371228307	1.80512624018
6.69679897165	3.84318032458
-3.38724481331	-4.95927706647
1.58256844294	2.79599478634
0.59866268391	-2.41818933314
-2.47070476611	-1.30799728316
-3.59888521914	-3.582264269
-6.19392262022	-2.57689419206
0.945643688217
0.0654773425609
-3.66234977798
5.31685575121
5.75394438646
2.19993840818
0.735020594903
0.432838598812
1.39554251422
-5.66961045198
-0.636502569487
