-0.903272217568	-0.864819913356
-1.76327946731	3.56435880248
0.676841626661	0.741393879648
0.822812176539	0.280462671377
1.0462273016	1.03166830746
-3.24479783916	2.27270322783
0.679576197648	-3.79172783124
1.43620782705	-1.9254259262
-1.94458272772	3.42840935383
0.650041630628	-0.633295069359
0.231121846772	-1.42102924784
-2.29949606429	-0.967136585892
1.24261706296	-0.826033577126
-2.03694810079	-0.223387514257
0.78683818211	0.467634986731
-1.63782163186	1.48240620956
-1.08038708091	2.94426072922
2.69783886554	1.98588629652
-0.926530771556	0.838591177524
1.25732823468	1.37536761706
4.24687454819	2.76565544719
-4.5499029931	-0.740618146312
0.995240921184	0.389828113311
1.20034502778	-0.233595354937
2.71861537348	0.122570175318
-3.80482209794	-4.12417762579
3.49398104329	4.26385218117
-7.36212540761	-5.06917127089
3.08918130068	3.95687089594
3.81170143169	2.85795480554
-1.54398487914
1.39796049685
-1.73876567936
-1.27527903311
-2.90740341817
3.27778762508
1.12585067977
-4.96029876877
3.11287107105
-5.23535363018
-1.98372216628
