-1.0981540659	-1.45718767139
1.11830616025	-2.09680603707
1.87892647665	-3.05265908823
0.149359853801	-0.461815325779
0.286747836827	-1.61911770315
1.47972438359	-2.33814861403
-0.540293981058	-3.10277448231
-0.482138489386	0.272963611202
1.16023118251	1.09313117807
1.84730837435	-1.54217048737
0.0626954026154	1.66211227646
-0.0309359862564	-1.27957061274
2.71702222214	1.56067874009
-1.60435753335	0.468928751031
-0.596571798818	1.74798396374
2.81114068544	1.78845771481
1.04122489736	2.78489526231
-1.18043482679	-0.896680627569
1.63174413948	-1.53661421499
1.07733210108	-1.04994468878
-1.47089900722	-2.6920851075
1.93777014339	4.01296682756
3.47942583223	1.89849657516
1.43351795579	0.390512259489
1.88859526436	0.882376148353
-6.48478787944	-3.42355078267
3.0096838947	3.44789829304
-3.46114601786	-4.65913854323
4.10971767587	1.42010392377
-6.39692680512	-2.22635910568
3.77464136996
0.709261373519
0.159407947826
-0.624582335755
-0.110224055538
-4.68476781839
0.0819915818273
5.62759311219
-2.40396093712
-5.69670695764
0.721628298437
