-1.78433213513	2.21005184228
-0.591107599781	3.51487123407
4.30987123987	3.84459696514
0.548169140675	0.648786877901
-2.90163799382	2.55790198172
0.349087441956	2.01483425392
2.03376581717	2.99043963327
-0.401136250084	-3.3458516737
-0.283460723467	1.39084070592
1.60239466173	-1.00754786737
0.365511049773	-0.172685060378
0.858207883932	-1.79279450539
1.91053085392	1.35594316433
-0.0310716717599	-0.807390926891
-0.244483048721	2.64849290103
-0.396630971924	-0.998524100997
2.03022938375	-0.860633303797
1.6304244168	4.59053495568
-0.591828851188	-0.310341059643
1.12596723534	-1.0600434816
0.451816789497	3.80807575219
-3.46189585803	-1.64047817324
-5.08623767887	-5.50175752702
1.71188867519	1.19838438575
-3.63055738444	-3.05325026913
0.804219567691	-1.37320370959
7.75742971356	5.23165589097
4.63269697792	2.84427364315
0.532359832609	1.52588750984
-5.66056972073	-2.2091867507
3.69469568165
0.251419062184
-2.44070416292
-0.919092998464
2.60597553149
0.15448688126
-4.59240005313
-1.52259105809
-0.41733222449
-5.73119657333
1.08198098347
