0.450616555731	-2.83077819954
-0.46924288328	-2.54928620102
-1.86700003337	-0.418881224809
2.29943898234	2.12701724136
1.85880772499	2.23563534637
-2.95753658091	3.40224415097
1.76991080108	-2.64528351649
1.08818386878	0.230406441476
-1.33024980852	-1.02797479638
0.864082050424	0.845055736719
-1.57212477409	4.06281631604
-0.187814069488	-1.23194309243
2.97351649502	0.415953844828
2.60407568073	-1.35823258819
1.09608805376	0.670862008291
-2.31111003112	0.871462493297
2.83372885202	2.19444838934
-0.838852843853	-1.56100937038
-0.78056658612	-0.219238886849
-0.547209876351	-1.34552607017
3.71178072075	3.6308991302
3.53426741279	3.7810440952
2.92621441212	2.26068429495
-2.27551233125	-2.21530479924
5.8762392074	2.8348637338
-4.07149295656	-4.43972737183
-7.44564171306	-5.70530958187
-0.461347266707	-1.95960129971
0.855379062239	0.270920537253
2.35264242579	-0.174368366825
2.77980365501
0.352836540191
-0.558057094156
0.243329703282
-5.00364601087
2.59830814405
-5.19792449796
1.16896412257
-0.156473229625
-1.28251262009
0.661458384357
