1.62843429502	-2.33316972943
1.64206166899	-2.48049489317
2.14476206483	3.12589962574
1.62013360341	1.22523962278
1.45072072079	1.58730505336
-0.397161463583	0.669552460245
-0.438165320769	-0.055592208259
0.474755430142	2.10175585078
0.350100133758	0.987184960373
-0.237814669458	-1.46509984481
3.19926415787	2.29599592217
2.29478564906	0.633837983133
2.76915822362	-1.24881282823
-0.664703882004	-1.01137803618
1.14136026049	0.644073255773
1.10394023185	0.115858572456
0.188269132772	-1.4922893863
-1.19184839671	-2.94163931671
0.963566273778	-1.01381720214
2.25361062349	-0.874286629386
-6.51010120285	-4.48458862599
3.13660907733	2.23886473114
-2.51954405819	-2.53301262307
3.26028504585	1.85823214673
4.04742560268	4.44706059955
0.51180360572	0.226987213354
3.14178132786	3.70791670878
-3.19193020084	-2.90228473086
-4.52007399292	-3.63947611189
2.73914607565	2.5643027839
-5.54339813713
-0.235662113011
-0.294555861759
-3.49222305727
-4.94137706105
0.150616943222
-1.12240157716
1.19143214062
-4.72669919117
-1.94234005583
0.840438631686
