0.0653138058924	-0.818941960256
-1.27702061346	1.9292082673
1.62212312581	-2.25373542169
5.059354144	0.594058599839
-0.535094531543	1.00836137692
1.14502605336	1.42945358678
3.47788408712	-1.03354142115
3.36139486063	-2.25715240434
1.46621629115	1.2992305912
1.39334427296	0.0728423055822
1.97333655512	-1.18323946915
0.445125479279	2.05506169087
3.3304444329	1.6390162063
-1.28805940889	-0.796655579627
-1.77096993722	-4.20224377494
-1.5878193218	2.3201003022
2.21705991657	-2.69064394939
-1.77356210421	4.50783586431
-3.10147538991	-0.727562122863
-1.27198710314	-2.14489931828
4.22724044628	4.30960937791
-3.13477064615	-3.54530800656
-7.12576032074	-6.13831608374
-5.39021626836	-2.52938069559
-2.82076483401	-4.25217279913
-0.704846376197	-2.05419269977
3.92608844528	3.49143256818
4.8539646114	5.15587815911
3.49193966848	1.46223178164
0.0496926840186	-2.4066681528
-1.51548838083
-1.25273987232
-5.65481093033
-3.82256281151
2.75034343836
2.40443010397
-3.0375667313
1.57788516905
-3.50352230729
1.87547169514
1.00913485169
