1.50750777493	1.38528688431
-2.23198738023	-1.79388957148
-2.12862218128	2.91959876867
0.442190621123	3.59702319133
-0.429274141805	2.15030574098
4.5505044107	-1.32796739395
1.89092487233	-1.62187123439
1.80060144169	-0.0958919227748
-1.90713677366	3.87173541207
1.04431858792	-1.39875394084
0.100285875047	-1.48809768826
-0.348563589914	-1.44115194784
2.56292905752	1.95678471776
-1.29618707138	-3.92599075209
0.155200951602	0.372773327331
2.26613797323	-2.80455069315
0.837628829529	-0.887574841953
0.961021291215	-3.0391788101
2.27234495125	-0.945029803868
2.15000189311	1.85127061963
5.55904622683	3.00527494486
2.48016187734	-0.659351929732
3.8442798168	4.11945037923
-3.19026893743	-4.46147193134
-2.7737130064	-2.49186337512
6.18849395796	5.63593097688
-4.49121929461	-2.11272852853
-1.55049515966	-1.22785417375
-0.510431151315	-3.42757132573
-4.58672983684	-1.91494682294
-5.08433897645
1.52600809251
2.80825664359
1.53943670781
-1.10048420399
-3.72192295663
-4.3231834589
-0.453669737042
-0.374232196385
-3.1389775892
-0.388068317584
