0.30096977465	0.664544345084
-2.48242416735	4.90812544065
0.239937933968	0.983542321611
0.123300718943	-0.79556865691
2.16178615272	-2.21587535268
3.71518928081	-1.45103049916
1.97219975405	-2.27344507658
-1.90429706617	3.34638077314
0.62477076662	-0.785046704844
-1.20900811462	-1.1856985435
-0.223829348895	0.351550391174
3.47448805044	-2.27012258768
-0.5960397938	0.687357349733
0.168212707916	-0.2599612161
1.03534289499	-0.753485487619
1.93548936651	-2.05125464437
-0.70800476734	-0.144631334833
0.163622883039	1.08599014006
1.22626962723	1.09709406373
-1.06734295097	0.428719981941
-0.882792268478	0.926082398831
-4.60896756177	-2.49423575639
0.0979548661662	0.467489001156
2.81220461069	1.66014956976
-6.109496087	-5.36244347067
4.4211864976	3.88987497393
-4.86570000697	-1.77104521917
-3.98562997179	-1.60282635541
6.10409255555	2.00533191305
1.9154869723	-0.692108377396
-0.374205011417
-0.318426708429
0.513540705717
-1.45326289876
-5.64639644795
-4.02115892119
-3.29951471731
-0.919749035354
-5.91303429875
1.0578988613
2.8215928309
