-0.534360789711	3.25750682546
2.10209264483	-2.32852674639
3.26169962725	1.70984210261
1.65441540414	2.28083153077
2.96718406332	-1.1247063691
0.0944699107274	1.19355992617
-2.7029835109	-2.21928704966
1.32301338495	-1.04721139187
2.7011108398	2.60645668764
1.85535151913	-1.37399474877
0.323994178249	-0.253366086339
1.14144042722	-0.868497361607
0.123376949551	1.47029264699
0.805656003692	0.518536654945
2.02170878038	-2.17105745795
-0.0407436724364	0.826036415224
-3.0066227571	1.8899387694
1.66119866618	1.50213939747
-1.02580068307	-2.32357360092
-0.865514571726	2.3401606761
-2.38233903397	-2.17055551658
-5.06785970233	-2.9128602372
-1.71028776931	-2.45707395327
4.97871703582	4.17448610794
5.53461940319	4.09888149252
-1.32744540056	-2.70123248127
3.89593525955	2.7819945549
-2.8032852124	-1.77078173764
-2.24190054507	-1.24292958055
3.11716897769	0.524748209153
-0.395201540433
-5.4111787494
-0.743227589402
-3.37124575838
-3.45931307328
0.128471520048
1.39830140699
-2.90157883541
2.47698516866
0.450866914689
1.96140506199
